{
    "non_blank_lines": 151,
    "avg_SepalLength": 5.843333333333334,
    "avg_SepalWidth": 3.0540000000000003,
    "avg_PetalLength": 3.758666666666666
}