{
    "non_blank_lines": 41370,
    "avg_open": 12550.28311972539,
    "avg_high": 12853.521885329721,
    "avg_low": 12224.032559669311,
    "avg_close": 12561.730319588087,
    "sd_open": 18277.374807645705,
    "sd_high": 18698.524396428442,
    "sd_low": 17816.24955826786,
    "sd_close": 18287.50741473612,
    "skew_open": 1.5699032361309595,
    "skew_high": 1.5645048603276626,
    "skew_low": 1.574110462470725,
    "skew_close": 1.56845127599054
}